z,u,u_unc,v,v_unc,w,w_unc,uRMS,uRMS_unc,vRMS,vRMS_unc,wRMS,wRMS_unc,up,up_unc,vp,vp_unc,wp,wp_unc,upwp,upwp_unc,upvp,upvp_unc,vpwp,vpwp_unc,uppwpp,uppwpp_unc,uppvpp,uppvpp_unc,vppwpp,vppwpp_unc,k,k_unc,kD,kD_unc
32.6,29.18,0.23,-0.464,0.08,-1.966,0.14,3.76,0.94,10.36,0.56,2.07,0.76,2.98,0.03,3.85,0.14,2,0.06,-0.172,0.16,0.437,0.18,0.085,0.12,-0.047,0.02,0.292,0.15,-0.065,0.04,1.39,0.06,0.06,0.006
27.6,29.39,0.27,0.009,0.06,-2.181,0.1,3.44,0.48,2.37,1.29,2.6,0.96,2.94,0.12,3.25,0.07,2.34,0.07,-0.645,0.54,-0.064,0.12,0.182,0.06,-0.067,0.06,0.057,0.01,-0.023,0.02,1.24,0.07,0.01,0.007
22.6,29.13,0.25,0.248,0.04,-2.127,0.05,4.43,0.16,4.33,0.41,2.95,0.26,3.35,0.16,3.17,0.09,2.53,0.05,-1.538,0.36,-0.295,0.28,0.181,0.14,-0.111,0.01,-0.141,0.01,0.069,0.02,1.39,0.09,0.02,0.001
18.6,28.54,0.48,0.539,0.24,-1.855,0.14,5.76,0.65,7.58,0.89,2.56,0.28,3.93,0.4,3.46,0.08,2.68,0.15,-2.722,1.04,-0.603,0.17,0.38,0.15,-0.124,0.03,-0.172,0.13,0.137,0.06,1.74,0.22,0.05,0.004
17.6,28.12,0.4,0.365,0.15,-1.745,0.07,6.85,2.17,7.95,0.58,2.66,0.79,4.23,0.28,3.58,0.12,2.74,0.08,-3.51,0.49,-0.493,0.44,0.097,0.25,-0.189,0.12,0.053,0.37,-0.013,0.11,1.92,0.18,0.06,0.012
16.6,27.58,0.39,0.352,0.13,-1.723,0.1,4.72,1.82,8.02,1.27,2,0.79,4.49,0.16,3.68,0.11,2.79,0.13,-4.148,0.37,-0.808,0.31,0.235,0.11,-0.082,0.06,-0.024,0.19,0.044,0.11,2.08,0.15,0.05,0.017
15.7,27.23,0.52,0.351,0.25,-1.642,0.16,6.7,2.62,9.05,0.89,1.28,0.22,4.62,0.29,3.93,0.21,2.88,0.12,-4.39,1,-0.632,0.54,0.095,0.29,-0.069,0.05,0.25,0.11,-0.04,0.07,2.26,0.24,0.07,0.01
14.7,26.26,0.28,0.321,0.15,-1.563,0.06,7.34,4.17,8.37,0.73,2.19,0.67,5.06,0.11,4.11,0.03,3.02,0.08,-5.683,0.07,-0.755,0.79,-0.131,0.21,-0.17,0.15,0.307,0.17,-0.104,0.06,2.59,0.07,0.07,0.034
13.6,24.96,0.39,0.315,0.09,-1.327,0.06,7.36,3.93,9.11,1.56,2.12,0.7,5.53,0.19,4.45,0.04,3.11,0.1,-6.726,1.21,-1.725,0.2,0.058,0.08,-0.156,0.15,0.064,0.42,0.014,0.11,3.01,0.15,0.08,0.031
12.7,23.77,0.51,0.18,0.24,-1.295,0.05,7.61,0.23,8.59,1.44,1.75,0.32,5.96,0.18,4.57,0.11,3.16,0.05,-7.824,0.87,-1.251,0.5,0.127,0.13,-0.096,0.03,-0.064,0.55,0.003,0.16,3.32,0.16,0.07,0.011
11.7,22.25,0.39,0.075,0.13,-1.271,0.07,7.82,4.79,8.46,1.36,1.7,0.78,6.35,0.17,4.91,0.05,3.27,0.06,-8.746,1.04,-1.383,0.25,-0.079,0.34,-0.138,0.11,0.32,0.47,-0.062,0.11,3.77,0.13,0.08,0.047
10.7,20.89,0.43,0.094,0.31,-1.281,0.12,8.68,2.51,7.32,1.33,2.14,1.49,6.39,0.12,5.11,0.12,3.36,0.08,-9.267,0.88,-2.491,0.45,-0.169,0.04,-0.163,0.14,0.3,0.68,0.006,0.15,3.91,0.15,0.07,0.027
9.6,17.61,1.26,0.242,0.25,-1.131,0.11,13.39,5.58,4.02,0.95,2.5,0.64,6.67,0.03,5.56,0.28,3.45,0.11,-10.326,0.82,-4.36,1.2,0.108,0.29,-0.291,0.22,0.253,0.47,-0.018,0.09,4.39,0.21,0.11,0.088
8.9,16.26,0.84,0.156,0.17,-1.207,0.14,11.85,7.89,3.71,0.54,2.33,0.53,7.02,0.15,6.21,0.18,3.6,0.09,-10.777,0.59,-5.881,2.05,-0.073,0.41,-0.2,0.22,0.072,0.22,-0.005,0.07,5.06,0.15,0.1,0.085
8.4,15.02,1.46,0.295,0.29,-1.171,0.13,13.32,9.3,4.99,1.65,2.99,1,7,0.12,6.27,0.19,3.64,0.11,-11.055,0.81,-7.634,2.76,0.218,0.63,-0.273,0.26,0.573,0.8,-0.081,0.11,5.1,0.21,0.14,0.142
8,13.44,1.05,0.327,0.14,-1.154,0.1,14.93,7.25,5.5,0.94,3.37,0.49,6.9,0.27,6.27,0.18,3.59,0.14,-10.471,1.17,-6.88,3.27,0.591,0.71,-0.304,0.12,0.25,0.38,-0.052,0.11,5.01,0.32,0.15,0.103
7.5,11.89,1.61,0.227,0.16,-1.147,0.19,17.78,8.31,4.3,2.06,4.34,0.67,6.84,0.21,6.32,0.12,3.6,0.08,-10.099,1.21,-7.53,3.78,0.523,1.26,-0.628,0.4,0.341,0.92,-0.031,0.13,5.01,0.2,0.2,0.139
7,10.54,1.92,0.564,0.29,-1.11,0.12,18.6,5.38,3.95,1.12,4.2,0.96,6.68,0.32,6.2,0.06,3.65,0.12,-10.201,1.29,-7.085,2.99,0.534,0.96,-0.623,0.2,0.292,0.41,-0.105,0.08,4.83,0.23,0.2,0.103
6.4,8.58,2.13,0.619,0.29,-0.902,0.34,21.97,2.65,4.63,1.87,5.86,2.28,6.46,0.57,6.03,0.25,3.61,0.04,-9.329,1.07,-6.102,4.35,-0.281,0.8,-1.169,0.48,0.637,0.6,-0.201,0.19,4.58,0.51,0.27,0.07
5.9,6.96,1.48,0.579,0.4,-0.82,0.31,18.43,2.96,4.62,1.18,5.86,2.93,6.22,0.57,5.9,0.37,3.57,0.07,-8.667,1.48,-7.403,4.47,0.556,1.52,-1.008,0.63,0.314,0.71,-0.14,0.18,4.34,0.6,0.2,0.06
5.4,5.48,1.81,0.557,0.57,-0.577,0.48,19.4,1.09,4.29,0.81,6.9,3.02,5.83,0.77,5.59,0.53,3.41,0.19,-6.982,1.95,-7.157,3.55,-0.174,1.61,-1.224,0.58,0.37,0.6,-0.148,0.22,3.89,0.79,0.22,0.039
5,4.29,1.19,0.369,0.82,-0.165,0.48,17.95,1.96,5.78,0.57,8,4.07,5.5,0.58,5.34,0.53,3.36,0.26,-5.571,1.33,-7.191,2.96,0.333,1.12,-1.34,0.84,0.592,0.51,-0.311,0.37,3.55,0.65,0.22,0.063
4.5,3,0.87,0.385,0.65,0.109,0.44,16.05,2.73,6.46,1.62,8.31,4.47,4.91,0.51,4.87,0.37,3.07,0.22,-3.611,0.96,-6.341,1.62,0.093,1.1,-1.215,0.92,0.195,0.66,-0.145,0.47,2.92,0.48,0.19,0.065
3.9,2.17,0.8,0.105,0.5,0.379,0.5,14.02,4.65,8.67,3.21,7.77,5.24,4.43,0.58,4.48,0.54,2.7,0.31,-1.958,1.18,-5.188,1.5,0.07,0.92,-1.02,0.99,-0.005,0.57,-0.021,0.47,2.43,0.58,0.19,0.07
3.4,1.59,0.33,0.158,0.47,0.709,0.4,11.69,5.35,10.69,1.75,9.16,5.34,4.1,0.36,4.11,0.42,2.42,0.23,-0.977,0.27,-4.334,1.52,-0.042,0.45,-0.955,0.91,-0.223,0.5,-0.01,0.56,2.03,0.42,0.19,0.08
3,1.34,0.24,0.014,0.44,0.782,0.42,10.67,3.58,10.85,1.88,8.74,4.49,3.9,0.42,3.92,0.35,2.25,0.26,-0.211,0.42,-4.243,1.65,0.05,0.44,-0.656,0.65,-0.258,0.44,0.015,0.42,1.84,0.39,0.17,0.074
2.4,1.3,0.21,-0.045,0.42,0.877,0.5,8.67,2.07,12.24,2.91,9.04,4.49,3.6,0.33,3.68,0.26,2.04,0.22,0.026,0.41,-3.376,1.37,0.104,0.45,-0.379,0.34,-0.243,0.59,-0.091,0.66,1.57,0.28,0.16,0.041
2,1.21,0.12,-0.133,0.25,0.851,0.51,8.64,3.54,11.17,2.56,7.82,2.4,3.48,0.31,3.55,0.36,1.9,0.14,0.096,0.19,-3.115,1.7,-0.023,0.08,-0.308,0.15,-0.042,0.48,0.016,0.53,1.46,0.28,0.14,0.036
1.4,1.2,0.31,-0.204,0.2,0.765,0.42,10.05,2.87,11.55,4.09,7.79,2.21,3.4,0.46,3.41,0.26,1.71,0.11,0.01,0.4,-2.801,1.29,0.083,0.22,-0.224,0.22,-0.098,0.74,-0.064,0.74,1.33,0.27,0.16,0.044
