z,upwp_D,upwp_S,u_D,u_S
2.88,0.286,0.135,1.45,3.45
2.9,0.318,0.133,1.46,3.45
2.93,0.351,0.131,1.48,3.45
2.95,0.385,0.129,1.49,3.45
2.98,0.419,0.127,1.51,3.46
3,0.454,0.125,1.53,3.46
3.03,0.49,0.123,1.54,3.46
3.05,0.527,0.121,1.56,3.47
3.08,0.564,0.12,1.58,3.47
3.1,0.601,0.117,1.6,3.47
3.13,0.64,0.117,1.62,3.48
3.15,0.68,0.112,1.64,3.48
3.18,0.721,0.118,1.67,3.48
3.2,0.763,0.147,1.69,3.49
3.23,0.805,0.177,1.71,3.49
3.25,0.849,0.206,1.74,3.49
3.28,0.893,0.236,1.76,3.5
3.3,0.938,0.267,1.79,3.5
3.33,0.984,0.297,1.81,3.51
3.35,1.031,0.328,1.84,3.51
3.38,1.079,0.36,1.86,3.52
3.4,1.128,0.391,1.89,3.52
3.43,1.178,0.423,1.92,3.53
3.45,1.228,0.455,1.95,3.54
3.48,1.28,0.488,1.98,3.54
3.5,1.332,0.521,2.01,3.55
3.53,1.385,0.554,2.04,3.56
3.55,1.439,0.587,2.07,3.57
3.58,1.494,0.621,2.1,3.57
3.6,1.55,0.655,2.13,3.58
3.63,1.606,0.689,2.16,3.59
3.65,1.664,0.724,2.2,3.6
3.68,1.722,0.759,2.23,3.61
3.7,1.782,0.794,2.27,3.62
3.73,1.842,0.83,2.3,3.63
3.75,1.902,0.866,2.34,3.64
3.78,1.964,0.902,2.37,3.65
3.8,2.027,0.939,2.41,3.66
3.83,2.09,0.976,2.44,3.67
3.85,2.154,1.014,2.48,3.68
3.88,2.219,1.051,2.52,3.69
3.9,2.284,1.09,2.56,3.7
3.93,2.35,1.128,2.6,3.72
3.95,2.417,1.167,2.64,3.73
3.98,2.485,1.206,2.68,3.74
4,2.553,1.246,2.72,3.75
4.03,2.622,1.286,2.76,3.77
4.05,2.691,1.326,2.8,3.78
4.08,2.762,1.367,2.85,3.8
4.1,2.832,1.408,2.89,3.81
4.13,2.904,1.45,2.93,3.82
4.15,2.976,1.492,2.98,3.84
4.18,3.048,1.534,3.02,3.85
4.2,3.121,1.577,3.06,3.87
4.23,3.195,1.62,3.11,3.89
4.25,3.269,1.663,3.16,3.9
4.28,3.343,1.707,3.2,3.92
4.3,3.418,1.752,3.25,3.94
4.33,3.494,1.797,3.3,3.95
4.35,3.57,1.842,3.35,3.97
4.38,3.646,1.887,3.39,3.99
4.4,3.722,1.934,3.44,4.01
4.43,3.799,1.98,3.49,4.03
4.45,3.877,2.027,3.54,4.05
4.48,3.954,2.074,3.59,4.06
4.5,4.032,2.122,3.64,4.08
4.53,4.11,2.17,3.69,4.1
4.55,4.188,2.218,3.75,4.13
4.58,4.267,2.267,3.8,4.15
4.6,4.345,2.317,3.85,4.17
4.63,4.424,2.367,3.9,4.19
4.65,4.503,2.417,3.96,4.21
4.68,4.582,2.468,4.01,4.23
4.7,4.661,2.519,4.07,4.26
4.73,4.741,2.571,4.12,4.28
4.75,4.82,2.623,4.18,4.31
4.78,4.899,2.675,4.23,4.33
4.8,4.979,2.728,4.29,4.35
4.83,5.058,2.782,4.35,4.38
4.85,5.137,2.836,4.4,4.41
4.88,5.217,2.89,4.46,4.43
4.9,5.296,2.945,4.52,4.46
4.93,5.375,3,4.58,4.48
4.95,5.454,3.056,4.64,4.51
4.98,5.533,3.113,4.69,4.54
5,5.612,3.169,4.75,4.57
5.03,5.691,3.227,4.81,4.6
5.05,5.769,3.284,4.87,4.63
5.08,5.848,3.342,4.93,4.66
5.1,5.926,3.401,5,4.69
5.13,6.004,3.46,5.06,4.72
5.15,6.081,3.52,5.12,4.75
5.18,6.159,3.58,5.18,4.78
5.2,6.236,3.64,5.24,4.81
5.23,6.313,3.702,5.31,4.85
5.25,6.389,3.763,5.37,4.88
5.28,6.466,3.825,5.43,4.91
5.3,6.542,3.888,5.5,4.95
5.33,6.617,3.95,5.56,4.98
5.35,6.692,4.014,5.63,5.02
5.38,6.767,4.078,5.69,5.06
5.4,6.842,4.142,5.76,5.09
5.43,6.916,4.207,5.82,5.13
5.45,6.99,4.272,5.89,5.17
5.48,7.063,4.338,5.95,5.21
5.5,7.136,4.404,6.02,5.24
5.53,7.208,4.471,6.09,5.28
5.55,7.28,4.538,6.15,5.32
5.58,7.352,4.606,6.22,5.36
5.6,7.423,4.674,6.29,5.41
5.63,7.493,4.742,6.36,5.45
5.65,7.563,4.811,6.42,5.49
5.68,7.633,4.88,6.49,5.53
5.7,7.702,4.95,6.56,5.58
5.73,7.77,5.02,6.63,5.62
5.75,7.838,5.091,6.7,5.67
5.78,7.906,5.162,6.77,5.71
5.8,7.972,5.233,6.84,5.76
5.83,8.039,5.305,6.91,5.8
5.85,8.105,5.377,6.98,5.85
5.88,8.17,5.45,7.05,5.9
5.9,8.234,5.523,7.12,5.95
5.93,8.298,5.596,7.19,6
5.95,8.361,5.67,7.26,6.05
5.98,8.424,5.744,7.34,6.1
6,8.486,5.818,7.41,6.15
6.03,8.548,5.893,7.48,6.2
6.05,8.608,5.968,7.55,6.25
6.08,8.669,6.043,7.62,6.31
6.1,8.728,6.119,7.7,6.36
6.13,8.787,6.195,7.77,6.41
6.15,8.845,6.271,7.84,6.47
6.18,8.903,6.348,7.92,6.52
6.2,8.96,6.424,7.99,6.58
6.23,9.017,6.501,8.06,6.64
6.25,9.072,6.578,8.14,6.7
6.28,9.127,6.655,8.21,6.75
6.3,9.182,6.733,8.28,6.81
6.33,9.236,6.811,8.36,6.87
6.35,9.289,6.888,8.43,6.93
6.38,9.342,6.966,8.51,6.99
6.4,9.393,7.044,8.58,7.05
6.43,9.445,7.123,8.66,7.12
6.45,9.495,7.201,8.73,7.18
6.48,9.545,7.28,8.81,7.24
6.5,9.595,7.358,8.89,7.31
6.53,9.643,7.437,8.96,7.37
6.55,9.691,7.515,9.04,7.44
6.58,9.738,7.593,9.11,7.5
6.6,9.785,7.672,9.19,7.57
6.63,9.831,7.75,9.27,7.64
6.65,9.876,7.828,9.34,7.71
6.68,9.921,7.907,9.42,7.77
6.7,9.965,7.985,9.5,7.84
6.73,10.008,8.063,9.57,7.91
6.75,10.051,8.141,9.65,7.98
6.78,10.093,8.218,9.73,8.05
6.8,10.134,8.296,9.8,8.13
6.83,10.175,8.373,9.88,8.2
6.85,10.215,8.45,9.96,8.27
6.88,10.255,8.527,10.04,8.34
6.9,10.293,8.603,10.11,8.42
6.93,10.331,8.679,10.19,8.49
6.95,10.369,8.755,10.27,8.57
6.98,10.406,8.831,10.35,8.64
7,10.442,8.906,10.43,8.72
7.03,10.477,8.98,10.5,8.79
7.05,10.512,9.055,10.58,8.87
7.08,10.546,9.129,10.66,8.95
7.1,10.579,9.202,10.74,9.03
7.13,10.612,9.275,10.82,9.1
7.15,10.644,9.347,10.9,9.18
7.18,10.676,9.419,10.97,9.26
7.2,10.707,9.491,11.05,9.34
7.23,10.737,9.562,11.13,9.42
7.25,10.767,9.632,11.21,9.5
7.28,10.796,9.702,11.29,9.58
7.3,10.824,9.771,11.37,9.66
7.33,10.852,9.839,11.45,9.74
7.35,10.879,9.907,11.53,9.83
7.38,10.906,9.974,11.61,9.91
7.4,10.932,10.04,11.69,9.99
7.43,10.957,10.106,11.77,10.07
7.45,10.982,10.17,11.85,10.16
7.48,11.006,10.234,11.92,10.24
7.5,11.03,10.298,12,10.33
7.53,11.053,10.36,12.08,10.41
7.55,11.075,10.422,12.16,10.49
7.58,11.097,10.482,12.24,10.58
7.6,11.118,10.542,12.32,10.66
7.63,11.139,10.601,12.4,10.75
7.65,11.159,10.66,12.48,10.83
7.68,11.178,10.717,12.56,10.92
7.7,11.197,10.773,12.64,11
7.73,11.215,10.829,12.72,11.09
7.75,11.233,10.884,12.8,11.18
7.78,11.25,10.937,12.88,11.26
7.8,11.266,10.99,12.96,11.35
7.83,11.282,11.042,13.04,11.43
7.85,11.297,11.092,13.12,11.52
7.88,11.312,11.142,13.2,11.61
7.9,11.327,11.191,13.28,11.69
7.93,11.34,11.239,13.36,11.78
7.95,11.353,11.286,13.44,11.86
7.98,11.366,11.334,13.52,11.95
8,11.377,11.386,13.6,12.04
8,11.389,11.389,13.6,12.04
8.14,11.274,11.274,14.02,12.49
8.29,11.159,11.159,14.45,12.94
8.43,11.044,11.044,14.86,13.38
8.58,10.929,10.929,15.28,13.82
8.72,10.814,10.814,15.69,14.26
8.87,10.699,10.699,16.09,14.69
9.01,10.584,10.584,16.49,15.11
9.16,10.469,10.469,16.88,15.53
9.3,10.354,10.354,17.27,15.93
9.44,10.239,10.239,17.65,16.33
9.59,10.124,10.124,18.02,16.73
9.73,10.009,10.009,18.39,17.11
9.88,9.894,9.894,18.75,17.49
10.02,9.779,9.779,19.1,17.85
10.17,9.664,9.664,19.44,18.21
10.31,9.549,9.549,19.77,18.56
10.46,9.434,9.434,20.1,18.89
10.6,9.318,9.318,20.42,19.22
10.74,9.203,9.203,20.72,19.54
10.89,9.088,9.088,21.03,19.85
11.03,8.973,8.973,21.32,20.15
11.18,8.858,8.858,21.6,20.44
11.32,8.743,8.743,21.88,20.72
11.47,8.628,8.628,22.14,20.99
11.61,8.513,8.513,22.4,21.25
11.76,8.398,8.398,22.65,21.51
11.9,8.283,8.283,22.9,21.75
12.04,8.168,8.168,23.13,21.99
12.19,8.053,8.053,23.36,22.22
12.33,7.938,7.938,23.58,22.44
12.48,7.823,7.823,23.8,22.65
12.62,7.708,7.708,24,22.86
12.77,7.593,7.593,24.2,23.05
12.91,7.478,7.478,24.4,23.24
13.06,7.363,7.363,24.58,23.43
13.2,7.248,7.248,24.77,23.61
13.34,7.133,7.133,24.94,23.78
13.49,7.018,7.018,25.11,23.94
13.63,6.903,6.903,25.27,24.1
13.78,6.788,6.788,25.43,24.26
13.92,6.672,6.672,25.58,24.4
14.07,6.557,6.557,25.73,24.55
14.21,6.442,6.442,25.87,24.68
14.36,6.327,6.327,26.01,24.82
14.5,6.212,6.212,26.14,24.94
14.64,6.097,6.097,26.27,25.07
14.79,5.982,5.982,26.39,25.18
14.93,5.867,5.867,26.51,25.3
15.08,5.752,5.752,26.63,25.41
15.22,5.637,5.637,26.74,25.51
15.37,5.522,5.522,26.85,25.62
15.51,5.407,5.407,26.95,25.71
15.66,5.292,5.292,27.05,25.81
15.8,5.177,5.177,27.15,25.9
15.94,5.062,5.062,27.24,25.99
16.09,4.947,4.947,27.33,26.07
16.23,4.832,4.832,27.42,26.15
16.38,4.717,4.717,27.5,26.23
16.52,4.602,4.602,27.58,26.31
16.67,4.487,4.487,27.66,26.38
16.81,4.372,4.372,27.74,26.45
16.96,4.257,4.257,27.81,26.52
17.1,4.142,4.142,27.88,26.58
17.24,4.026,4.026,27.95,26.65
17.39,3.911,3.911,28.01,26.71
17.53,3.796,3.796,28.08,26.77
17.68,3.681,3.681,28.14,26.82
17.82,3.566,3.566,28.19,26.87
17.97,3.451,3.451,28.25,26.93
18.11,3.336,3.336,28.31,26.98
18.26,3.221,3.221,28.36,27.02
18.4,3.106,3.106,28.41,27.07
18.54,2.991,2.991,28.46,27.11
18.69,2.876,2.876,28.51,27.15
18.83,2.761,2.761,28.55,27.2
18.98,2.646,2.646,28.59,27.23
19.12,2.531,2.531,28.64,27.27
19.27,2.416,2.416,28.68,27.31
19.41,2.301,2.301,28.72,27.34
19.56,2.186,2.186,28.75,27.37
19.7,2.071,2.071,28.79,27.4
19.84,1.956,1.956,28.82,27.43
19.99,1.841,1.841,28.85,27.46
20.13,1.726,1.726,28.89,27.49
20.28,1.611,1.611,28.92,27.51
20.42,1.496,1.496,28.94,27.54
20.57,1.381,1.381,28.97,27.56
20.71,1.265,1.265,29,27.58
20.86,1.15,1.15,29.02,27.6
21,1.035,1.035,29.05,27.62
21.14,0.92,0.92,29.07,27.63
21.29,0.805,0.805,29.09,27.65
21.43,0.69,0.69,29.11,27.66
21.58,0.575,0.575,29.13,27.68
21.72,0.46,0.46,29.14,27.69
21.87,0.345,0.345,29.16,27.7
22.01,0.23,0.23,29.17,27.71
22.16,0.115,0.115,29.19,27.71
22.3,0,0,29.2,27.72
